,whole floor
2.0,9084698
3.0,8773203
