,A,B
2.0,17406,
4.0,21745,
