,lumpSum_avg,npsf_avg,unit_count,lumpSum_total,npsf_total,nfa_total,final_address,lumpSum_A,npsf_A,nfa_A,lumpSum_B,npsf_B,nfa_B,lumpSum_C,npsf_C,nfa_C,lumpSum_D,npsf_D,nfa_D,lumpSum_E,npsf_E,nfa_E,lumpSum_F,npsf_F,nfa_F,lumpSum_change,npsf_change
2016-1-15,7068865.5,10995.5,6,42413193.0,65973,3847.0,"KAM TAO BLDG,WHITFIELD RD|金都洋樓,威非路道",6470652.0,10713.0,604.0,6381864.0,10566.0,604.0,7894600.0,11278.0,700.0,8542440.0,11670.0,732.0,6522596.0,10799.0,604.0,6601041.0,10947.0,603.0,-0.01958672484903967,-0.019382552729759084
2016-2-15,7210087.5,11212.833333333334,6,43260525.0,67277,3847.0,"KAM TAO BLDG,WHITFIELD RD|金都洋樓,威非路道",6617424.0,10956.0,604.0,6610780.0,10945.0,604.0,8077300.0,11539.0,700.0,8740080.0,11940.0,732.0,6674200.0,11050.0,604.0,6540741.0,10847.0,603.0,0.01825931459410568,0.015731863818223113
2016-3-15,7080797.0,11039.166666666666,6,42484782.0,66235,3847.0,"KAM TAO BLDG,WHITFIELD RD|金都洋樓,威非路道",6637960.0,10990.0,604.0,6634336.0,10984.0,604.0,7884800.0,11264.0,700.0,8054196.0,11003.0,732.0,6709232.0,11108.0,604.0,6564258.0,10886.0,603.0,0.028442032923579497,0.028429911185640533
2016-4-15,6884974.333333333,10734.0,6,41309846.0,64404,3847.0,"KAM TAO BLDG,WHITFIELD RD|金都洋樓,威非路道",6452532.0,10683.0,604.0,6451324.0,10681.0,604.0,7667800.0,10954.0,700.0,7828008.0,10694.0,732.0,6526824.0,10806.0,604.0,6383358.0,10586.0,603.0,0.0005011000951435918,0.0017420518882598213
2016-5-15,6881526.0,10715.333333333334,6,41289156.0,64292,3847.0,"KAM TAO BLDG,WHITFIELD RD|金都洋樓,威非路道",6381864.0,10566.0,604.0,6383676.0,10569.0,604.0,7586600.0,10838.0,700.0,8159604.0,11147.0,732.0,6460384.0,10696.0,604.0,6317028.0,10476.0,603.0,-0.02065155777934735,-0.02095388926113162
2016-6-15,7026637.0,10944.666666666666,6,42159822.0,65668,3847.0,"KAM TAO BLDG,WHITFIELD RD|金都洋樓,威非路道",6482732.0,10733.0,604.0,6487564.0,10741.0,604.0,7709800.0,11014.0,700.0,8292096.0,11328.0,732.0,6567896.0,10874.0,604.0,6619734.0,10978.0,603.0,-0.01600536120632845,-0.01600335650923035
2016-7-15,7140930.166666667,11122.666666666666,6,42845581.0,66736,3847.0,"KAM TAO BLDG,WHITFIELD RD|金都洋樓,威非路道",6586016.0,10904.0,604.0,6593264.0,10916.0,604.0,7835100.0,11193.0,700.0,8427516.0,11513.0,732.0,6677220.0,11055.0,604.0,6726465.0,11155.0,603.0,-0.01545051886168547,-0.015446350854934177
2016-8-15,7252992.666666667,11297.166666666666,6,43517956.0,67783,3847.0,"KAM TAO BLDG,WHITFIELD RD|金都洋樓,威非路道",6686884.0,11071.0,604.0,6697152.0,11088.0,604.0,7959000.0,11370.0,700.0,8560008.0,11694.0,732.0,6784128.0,11232.0,604.0,6830784.0,11328.0,603.0,-0.06338866573018342,-0.06338261710653581
2016-9-15,7743866.0,12061.666666666666,6,46463196.0,72370,3847.0,"KAM TAO BLDG,WHITFIELD RD|金都洋樓,威非路道",7137468.0,11817.0,604.0,7149548.0,11837.0,604.0,8500100.0,12143.0,700.0,9139020.0,12485.0,732.0,7245584.0,11996.0,604.0,7291476.0,12092.0,603.0,-0.0283633354138646,-0.02835584436508154
2016-10-15,7969919.5,12413.666666666666,6,47819517.0,74482,3847.0,"KAM TAO BLDG,WHITFIELD RD|金都洋樓,威非路道",7344640.0,12160.0,604.0,7355512.0,12178.0,604.0,8749300.0,12499.0,700.0,9406932.0,12851.0,732.0,7460004.0,12351.0,604.0,7503129.0,12443.0,603.0,0.0031988352202627635,0.003205646247508076
2016-11-15,7944506.333333333,12374.0,6,47667038.0,74244,3847.0,"KAM TAO BLDG,WHITFIELD RD|金都洋樓,威非路道",7319876.0,12119.0,604.0,7328936.0,12134.0,604.0,8722700.0,12461.0,700.0,9377652.0,12811.0,732.0,7439468.0,12317.0,604.0,7478406.0,12402.0,603.0,0.03622614768198851,0.036377341634328264
2016-12-15,7666768.833333333,11939.666666666666,6,46000613.0,71638,3847.0,"KAM TAO BLDG,WHITFIELD RD|金都洋樓,威非路道",7084316.0,11729.0,604.0,6968952.0,11538.0,604.0,8428700.0,12041.0,700.0,9077532.0,12401.0,732.0,7203304.0,11926.0,604.0,7237809.0,12003.0,603.0,-0.03347967096556581,-0.03348623853211019
2017-1-15,7932341.0,12353.333333333334,6,47594046.0,74120,3847.0,"KAM TAO BLDG,WHITFIELD RD|金都洋樓,威非路道",7328332.0,12133.0,604.0,7211156.0,11939.0,604.0,8717100.0,12453.0,700.0,9393024.0,12832.0,732.0,7456380.0,12345.0,604.0,7488054.0,12418.0,603.0,0.05890980497380549,0.058902524393902755
2017-2-15,7491045.0,11666.166666666666,6,44946270.0,69997,3847.0,"KAM TAO BLDG,WHITFIELD RD|金都洋樓,威非路道",6920028.0,11457.0,604.0,6810704.0,11276.0,604.0,8229200.0,11756.0,700.0,8871108.0,12119.0,732.0,7044452.0,11663.0,604.0,7070778.0,11726.0,603.0,-0.04803104197381414,-0.048462521410510995
2017-3-15,7869001.333333333,12260.333333333334,6,47214008.0,73562,3847.0,"KAM TAO BLDG,WHITFIELD RD|金都洋樓,威非路道",7307192.0,12098.0,604.0,7194244.0,11911.0,604.0,8432200.0,12046.0,700.0,9370332.0,12801.0,732.0,7442488.0,12322.0,604.0,7467552.0,12384.0,603.0,-0.03639833539850956,-0.03640245739510872
2017-4-15,8166238.833333333,12723.5,6,48997433.0,76341,3847.0,"KAM TAO BLDG,WHITFIELD RD|金都洋樓,威非路道",7582012.0,12553.0,604.0,7466648.0,12362.0,604.0,8747900.0,12497.0,700.0,9725352.0,13286.0,732.0,7726368.0,12792.0,604.0,7749153.0,12851.0,603.0,-0.00881887906511758,-0.008880233690360284
2017-5-15,8238896.666666667,12837.5,6,49433380.0,77025,3847.0,"KAM TAO BLDG,WHITFIELD RD|金都洋樓,威非路道",7686504.0,12726.0,604.0,7527048.0,12462.0,604.0,8815100.0,12593.0,700.0,9803676.0,13393.0,732.0,7790996.0,12899.0,604.0,7810056.0,12952.0,603.0,-0.057477347684272706,-0.05741767318917723
2017-6-15,8741324.833333334,13619.5,6,52447949.0,81717,3847.0,"KAM TAO BLDG,WHITFIELD RD|金都洋樓,威非路道",8108700.0,13425.0,604.0,8085748.0,13387.0,604.0,9449300.0,13499.0,700.0,10343160.0,14130.0,732.0,8222252.0,13613.0,604.0,8238789.0,13663.0,603.0,0.032724814425680204,0.03288883271187504
2017-7-15,8464331.166666666,13185.833333333334,6,50785987.0,79115,3847.0,"KAM TAO BLDG,WHITFIELD RD|金都洋樓,威非路道",7871932.0,13033.0,604.0,7716704.0,12776.0,604.0,9172100.0,13103.0,700.0,10041576.0,13718.0,732.0,7984880.0,13220.0,604.0,7998795.0,13265.0,603.0,0.004469858390599768,0.0044308457964097325
2017-8-15,8426665.166666666,13127.666666666666,6,50559991.0,78766,3847.0,"KAM TAO BLDG,WHITFIELD RD|金都洋樓,威非路道",7858040.0,13010.0,604.0,7678652.0,12713.0,604.0,9125200.0,13036.0,700.0,9991068.0,13649.0,732.0,7946828.0,13157.0,604.0,7960203.0,13201.0,603.0,0.03855084582340207,0.03854014213572765
2017-9-15,8113868.666666667,12640.5,6,48683212.0,75843,3847.0,"KAM TAO BLDG,WHITFIELD RD|金都洋樓,威非路道",7568724.0,12531.0,604.0,7392960.0,12240.0,604.0,8784300.0,12549.0,700.0,9619212.0,13141.0,732.0,7652680.0,12670.0,604.0,7665336.0,12712.0,603.0,-0.031546812909098665,-0.031775008936322346
2017-10-15,8378173.333333333,13055.333333333334,6,50269040.0,78332,3847.0,"KAM TAO BLDG,WHITFIELD RD|金都洋樓,威非路道",7831464.0,12966.0,604.0,7646036.0,12659.0,604.0,9087400.0,12982.0,700.0,9855648.0,13464.0,732.0,7917836.0,13109.0,604.0,7930656.0,13152.0,603.0,-0.026753483643386367,-0.02683496496546245
2017-11-15,8608480.166666666,13415.333333333334,6,51650881.0,80492,3847.0,"KAM TAO BLDG,WHITFIELD RD|金都洋樓,威非路道",7922064.0,13116.0,604.0,7911796.0,13099.0,604.0,9205700.0,13151.0,700.0,10207008.0,13944.0,732.0,8194468.0,13567.0,604.0,8209845.0,13615.0,603.0,-0.004264086791372912,-0.004255529714483508
2017-12-15,8645344.666666666,13472.666666666666,6,51872068.0,80836,3847.0,"KAM TAO BLDG,WHITFIELD RD|金都洋樓,威非路道",7954680.0,13170.0,604.0,7944412.0,13153.0,604.0,9241400.0,13202.0,700.0,10256052.0,14011.0,732.0,8228896.0,13624.0,604.0,8246628.0,13676.0,603.0,-0.021041817210636804,-0.02115447489192701
2018-1-15,8831168.5,13763.833333333334,6,52987011.0,82583,3847.0,"KAM TAO BLDG,WHITFIELD RD|金都洋樓,威非路道",8135880.0,13470.0,604.0,8120780.0,13445.0,604.0,9445100.0,13493.0,700.0,10439784.0,14262.0,732.0,8412512.0,13928.0,604.0,8432955.0,13985.0,603.0,-0.012156879231463469,-0.012295032950209839
2018-2-15,8939849.166666666,13935.166666666666,6,53639095.0,83611,3847.0,"KAM TAO BLDG,WHITFIELD RD|金都洋樓,威非路道",8335804.0,13801.0,604.0,8223460.0,13615.0,604.0,9552900.0,13647.0,700.0,10534212.0,14391.0,732.0,8484992.0,14048.0,604.0,8507727.0,14109.0,603.0,0.01374061270087612,0.012006923346929765
2018-3-15,8818675.166666666,13769.833333333334,6,52912051.0,82619,3847.0,"KAM TAO BLDG,WHITFIELD RD|金都洋樓,威非路道",8337616.0,13804.0,604.0,8224668.0,13617.0,604.0,9550100.0,13643.0,700.0,9805140.0,13395.0,732.0,8484388.0,14047.0,604.0,8510139.0,14113.0,603.0,-0.024327328719704666,-0.024891417241053704
2018-4-15,9038559.166666666,14121.333333333334,6,54231355.0,84728,3847.0,"KAM TAO BLDG,WHITFIELD RD|金都洋樓,威非路道",8585860.0,14215.0,604.0,8469288.0,14022.0,604.0,9828700.0,14041.0,700.0,9849060.0,13455.0,732.0,8735048.0,14462.0,604.0,8763399.0,14533.0,603.0,-0.024053308572776544,-0.024062107651727116
2018-5-15,9261324.666666666,14469.5,6,55567948.0,86817,3847.0,"KAM TAO BLDG,WHITFIELD RD|金都洋樓,威非路道",8799072.0,14568.0,604.0,8677668.0,14367.0,604.0,10068100.0,14383.0,700.0,10091352.0,13786.0,732.0,8949468.0,14817.0,604.0,8982288.0,14896.0,603.0,-0.021731168804715817,-0.021736190926915033
2018-6-15,9467054.833333334,14791.0,6,56802329.0,88746,3847.0,"KAM TAO BLDG,WHITFIELD RD|金都洋樓,威非路道",8995976.0,14894.0,604.0,8870344.0,14686.0,604.0,10290000.0,14700.0,700.0,10315344.0,14092.0,732.0,9146372.0,15143.0,604.0,9184293.0,15231.0,603.0,-0.026274527383234547,-0.026277964911510687
2018-7-15,9722509.166666666,15190.166666666666,6,58335055.0,91141,3847.0,"KAM TAO BLDG,WHITFIELD RD|金都洋樓,威非路道",9240596.0,15299.0,604.0,9109528.0,15082.0,604.0,10566500.0,15095.0,700.0,10593504.0,14472.0,732.0,9390992.0,15548.0,604.0,9433935.0,15645.0,603.0,-0.016710627675145973,-0.016785872250450473
2018-8-15,9887739.5,15449.5,6,59326437.0,92697,3847.0,"KAM TAO BLDG,WHITFIELD RD|金都洋樓,威非路道",9387972.0,15543.0,604.0,9325760.0,15440.0,604.0,10732400.0,15332.0,700.0,10759668.0,14699.0,732.0,9535952.0,15788.0,604.0,9584685.0,15895.0,603.0,0.0398478264043578,0.04084932460503721
2018-9-15,9508833.166666666,14843.166666666666,6,57052999.0,89059,3847.0,"KAM TAO BLDG,WHITFIELD RD|金都洋樓,威非路道",8928328.0,14782.0,604.0,8867324.0,14681.0,604.0,10845800.0,15494.0,700.0,10231164.0,13977.0,732.0,9064832.0,15008.0,604.0,9115551.0,15117.0,603.0,0.0010852386730220154,0.0009778357235983304
2018-10-15,9498525.0,14828.666666666666,6,56991150.0,88972,3847.0,"KAM TAO BLDG,WHITFIELD RD|金都洋樓,威非路道",8902960.0,14740.0,604.0,8946448.0,14812.0,604.0,10817800.0,15454.0,700.0,10199688.0,13934.0,732.0,9034632.0,14958.0,604.0,9089622.0,15074.0,603.0,0.12782666863031333,0.1281271000545221
2018-11-15,8421972.333333334,13144.5,6,50531834.0,78867,3847.0,"KAM TAO BLDG,WHITFIELD RD|金都洋樓,威非路道",7877368.0,13042.0,604.0,7917836.0,13109.0,604.0,9574600.0,13678.0,700.0,9129504.0,12472.0,732.0,7989712.0,13228.0,604.0,8042814.0,13338.0,603.0,-0.017556004468878728,-0.017551945787034784
2018-12-15,8572470.666666666,13379.333333333334,6,51434824.0,80276,3847.0,"KAM TAO BLDG,WHITFIELD RD|金都洋樓,威非路道",8018100.0,13275.0,604.0,8061588.0,13347.0,604.0,9748900.0,13927.0,700.0,9291276.0,12693.0,732.0,8128632.0,13458.0,604.0,8186328.0,13576.0,603.0,-0.015858725084671343,-0.014086928754774353
2019-1-15,8710609.833333334,13570.5,6,52263659.0,81423,3847.0,"KAM TAO BLDG,WHITFIELD RD|金都洋樓,威非路道",8009040.0,13260.0,604.0,8145544.0,13486.0,604.0,9741200.0,13916.0,700.0,10075248.0,13764.0,732.0,8115344.0,13436.0,604.0,8177283.0,13561.0,603.0,-0.06596085105847593,-0.0659393605671611
2019-2-15,9325743.833333334,14528.5,6,55954463.0,87171,3847.0,"KAM TAO BLDG,WHITFIELD RD|金都洋樓,威非路道",8573176.0,14194.0,604.0,8721760.0,14440.0,604.0,10431400.0,14902.0,700.0,10791876.0,14743.0,732.0,8682500.0,14375.0,604.0,8753751.0,14517.0,603.0,-0.0023311139244496237,-0.0023347639484978533
2019-3-15,9347534.0,14562.5,6,56085204.0,87375,3847.0,"KAM TAO BLDG,WHITFIELD RD|金都洋樓,威非路道",8588880.0,14220.0,604.0,8699412.0,14403.0,604.0,10453800.0,14934.0,700.0,10817496.0,14778.0,732.0,8755584.0,14496.0,604.0,8770032.0,14544.0,603.0,0.016218726655116367,0.013231440035252895
2019-4-15,9198348.5,14372.333333333334,6,55190091.0,86234,3847.0,"KAM TAO BLDG,WHITFIELD RD|金都洋樓,威非路道",8681896.0,14374.0,604.0,8797260.0,14565.0,604.0,10013500.0,14305.0,700.0,9985944.0,13642.0,732.0,8846788.0,14647.0,604.0,8864703.0,14701.0,603.0,-0.030164368856473,-0.029912366553046854
2019-5-15,9484440.666666666,14815.5,6,56906644.0,88893,3847.0,"KAM TAO BLDG,WHITFIELD RD|金都洋樓,威非路道",8933160.0,14790.0,604.0,9055772.0,14993.0,604.0,10299800.0,14714.0,700.0,10395864.0,14202.0,732.0,9099864.0,15066.0,604.0,9122184.0,15128.0,603.0,0.010233625731938867,0.00998704751516799
2019-6-15,9388363.666666666,14669.0,6,56330182.0,88014,3847.0,"KAM TAO BLDG,WHITFIELD RD|金都洋樓,威非路道",8806320.0,14580.0,604.0,8931348.0,14787.0,604.0,10150000.0,14500.0,700.0,10251660.0,14005.0,732.0,9197712.0,15228.0,604.0,8993142.0,14914.0,603.0,-0.03573074238290519,-0.035536999901377375
2019-7-15,9736247.0,15209.5,6,58417482.0,91257,3847.0,"KAM TAO BLDG,WHITFIELD RD|金都洋樓,威非路道",9117984.0,15096.0,604.0,9250864.0,15316.0,604.0,10504900.0,15007.0,700.0,10711356.0,14633.0,732.0,9520852.0,15763.0,604.0,9311526.0,15442.0,603.0,-0.019861955984837865,-0.01995382054448791
2019-8-15,9933546.666666666,15519.166666666666,6,59601280.0,93115,3847.0,"KAM TAO BLDG,WHITFIELD RD|金都洋樓,威非路道",9378912.0,15528.0,604.0,9427836.0,15609.0,604.0,10697400.0,15282.0,700.0,10914120.0,14910.0,732.0,9696616.0,16054.0,604.0,9486396.0,15732.0,603.0,0.11480485161630138,0.11458906897129584
2019-9-15,8910570.0,13923.666666666666,6,53463420.0,83542,3847.0,"KAM TAO BLDG,WHITFIELD RD|金都洋樓,威非路道",8480160.0,14040.0,604.0,8467476.0,14019.0,604.0,9437400.0,13482.0,700.0,9858576.0,13468.0,732.0,8703036.0,14409.0,604.0,8516772.0,14124.0,603.0,-0.06572917497455133,-0.0659227621368994
2019-10-15,9537459.333333334,14906.333333333334,6,57224756.0,89438,3847.0,"KAM TAO BLDG,WHITFIELD RD|金都洋樓,威非路道",9028592.0,14948.0,604.0,9107716.0,15079.0,604.0,10031000.0,14330.0,700.0,10543728.0,14404.0,732.0,9355356.0,15489.0,604.0,9158364.0,15188.0,603.0,-0.01300282266010988,-0.010422659880504503
2019-11-15,9663107.0,15063.333333333334,6,57978642.0,90380,3847.0,"KAM TAO BLDG,WHITFIELD RD|金都洋樓,威非路道",8919872.0,14768.0,604.0,9002016.0,14904.0,604.0,10665900.0,15237.0,700.0,11102244.0,15167.0,732.0,9239992.0,15298.0,604.0,9048618.0,15006.0,603.0,0.03348028716736984,0.03335124566959746
2019-12-15,9350064.166666666,14577.166666666666,6,56100385.0,87463,3847.0,"KAM TAO BLDG,WHITFIELD RD|金都洋樓,威非路道",8721156.0,14439.0,604.0,8700016.0,14404.0,604.0,10255000.0,14650.0,700.0,10756008.0,14694.0,732.0,8925308.0,14777.0,604.0,8742897.0,14499.0,603.0,-0.02586083835160613,-0.025894328863545257
2020-1-15,9598283.833333334,14964.666666666666,6,57589703.0,89788,3847.0,"KAM TAO BLDG,WHITFIELD RD|金都洋樓,威非路道",8955508.0,14827.0,604.0,8936784.0,14796.0,604.0,10523100.0,15033.0,700.0,11034168.0,15074.0,732.0,9162076.0,15169.0,604.0,8978067.0,14889.0,603.0,0.06231461970121033,0.062278169513984016
2020-2-15,9035255.333333334,14087.333333333334,6,54211532.0,84524,3847.0,"KAM TAO BLDG,WHITFIELD RD|金都洋樓,威非路道",8433048.0,13962.0,604.0,8417948.0,13937.0,604.0,9902200.0,14146.0,700.0,10379760.0,14180.0,732.0,8624516.0,14279.0,604.0,8454060.0,14020.0,603.0,-0.004336349883032553,-0.004299732591972916
2020-3-15,9074606.0,14148.166666666666,6,54447636.0,84889,3847.0,"KAM TAO BLDG,WHITFIELD RD|金都洋樓,威非路道",8481972.0,14043.0,604.0,8468684.0,14021.0,604.0,9952600.0,14218.0,700.0,10430268.0,14249.0,732.0,8599752.0,14238.0,604.0,8514360.0,14120.0,603.0,-0.04756860558864473,-0.04758218332772357
2020-4-15,9527831.666666666,14855.0,6,57166990.0,89130,3847.0,"KAM TAO BLDG,WHITFIELD RD|金都洋樓,威非路道",8958528.0,14832.0,604.0,8875780.0,14695.0,604.0,10487400.0,14982.0,700.0,10917048.0,14914.0,732.0,9007452.0,14913.0,604.0,8920782.0,14794.0,603.0,-0.032846544913168185,-0.03301400627081674
2020-5-15,9851416.666666666,15362.166666666666,6,59108500.0,92173,3847.0,"KAM TAO BLDG,WHITFIELD RD|金都洋樓,威非路道",9246636.0,15309.0,604.0,9162680.0,15170.0,604.0,10814300.0,15449.0,700.0,11256696.0,15378.0,732.0,9293748.0,15387.0,604.0,9334440.0,15480.0,603.0,0.03403172044082936,0.033920739436224645
2020-6-15,9527190.0,14858.166666666666,6,57163140.0,89149,3847.0,"KAM TAO BLDG,WHITFIELD RD|金都洋樓,威非路道",9005036.0,14909.0,604.0,8855848.0,14662.0,604.0,10441200.0,14916.0,700.0,10866540.0,14845.0,732.0,8978460.0,14865.0,604.0,9016056.0,14952.0,603.0,-0.011305111934228784,-0.011366912857364686
2020-7-15,9636127.5,15029.0,6,57816765.0,90174,3847.0,"KAM TAO BLDG,WHITFIELD RD|金都洋樓,威非路道",9136708.0,15127.0,604.0,8958528.0,14832.0,604.0,10550400.0,15072.0,700.0,10979268.0,14999.0,732.0,9077516.0,15029.0,604.0,9114345.0,15115.0,603.0,0.05783900088596683,0.05780916406634917
2020-8-15,9109257.166666666,14207.666666666666,6,54655543.0,85246,3847.0,"KAM TAO BLDG,WHITFIELD RD|金都洋樓,威非路道",8638408.0,14302.0,604.0,8474724.0,14031.0,604.0,9969400.0,14242.0,700.0,10373904.0,14172.0,732.0,8582840.0,14210.0,604.0,8616267.0,14289.0,603.0,-0.04436633191349737,-0.04443448043941267
2020-9-15,9532164.333333334,14868.333333333334,6,57192986.0,89210,3847.0,"KAM TAO BLDG,WHITFIELD RD|金都洋樓,威非路道",9075100.0,15025.0,604.0,8867928.0,14682.0,604.0,10420900.0,14887.0,700.0,10842384.0,14812.0,732.0,8976648.0,14862.0,604.0,9010026.0,14942.0,603.0,0.016120038676281867,0.016093943984418546
2020-10-15,9380943.166666666,14632.833333333334,6,56285659.0,87797,3847.0,"KAM TAO BLDG,WHITFIELD RD|金都洋樓,威非路道",8932556.0,14789.0,604.0,8732632.0,14458.0,604.0,10252200.0,14646.0,700.0,10665240.0,14570.0,732.0,8835916.0,14629.0,604.0,8867115.0,14705.0,603.0,-0.0005154073136590664,-0.0010126755114578945
2020-11-15,9385780.666666666,14647.666666666666,6,56314684.0,87886,3847.0,"KAM TAO BLDG,WHITFIELD RD|金都洋樓,威非路道",8989936.0,14884.0,604.0,8791220.0,14555.0,604.0,9993200.0,14276.0,700.0,10727460.0,14655.0,732.0,8890880.0,14720.0,604.0,8921988.0,14796.0,603.0,-0.004416128284039922,-0.004429239779331073
2020-12-15,9427413.333333334,14712.833333333334,6,56564480.0,88277,3847.0,"KAM TAO BLDG,WHITFIELD RD|金都洋樓,威非路道",9031008.0,14952.0,604.0,8833500.0,14625.0,604.0,10038000.0,14340.0,700.0,10770648.0,14714.0,732.0,8930744.0,14786.0,604.0,8960580.0,14860.0,603.0,-0.0058607564825056135,-0.005979191063868128
2021-1-15,9482990.833333334,14801.333333333334,6,56897945.0,88808,3847.0,"KAM TAO BLDG,WHITFIELD RD|金都洋樓,威非路道",9069664.0,15016.0,604.0,8873364.0,14691.0,604.0,10080000.0,14400.0,700.0,10810908.0,14769.0,732.0,9067852.0,15013.0,604.0,8996157.0,14919.0,603.0,0.005626462342382732,0.005365997237756659
2021-2-15,9429933.666666666,14722.333333333334,6,56579602.0,88334,3847.0,"KAM TAO BLDG,WHITFIELD RD|金都洋樓,威非路道",8983896.0,14874.0,604.0,9021344.0,14936.0,604.0,9983400.0,14262.0,700.0,10702572.0,14621.0,732.0,8979668.0,14867.0,604.0,8908722.0,14774.0,603.0,-0.0234091744811743,-0.023415734312121295
2021-3-15,9655972.0,15075.333333333334,6,57935832.0,90452,3847.0,"KAM TAO BLDG,WHITFIELD RD|金都洋樓,威非路道",9201336.0,15234.0,604.0,9237576.0,15294.0,604.0,10224200.0,14606.0,700.0,10955844.0,14967.0,732.0,9194692.0,15223.0,604.0,9122184.0,15128.0,603.0,0.0007469003978954891,0.0008409312206780761
2021-4-15,9648765.333333334,15062.666666666666,6,57892592.0,90376,3847.0,"KAM TAO BLDG,WHITFIELD RD|金都洋樓,威非路道",9162076.0,15169.0,604.0,9195900.0,15225.0,604.0,10180100.0,14543.0,700.0,11006352.0,15036.0,732.0,9153620.0,15155.0,604.0,9194544.0,15248.0,603.0,0.01928851565048406,0.019274363630211733
2021-5-15,9466176.833333334,14777.833333333334,6,56797061.0,88667,3847.0,"KAM TAO BLDG,WHITFIELD RD|金都洋樓,威非路道",8991748.0,14887.0,604.0,9022552.0,14938.0,604.0,9989000.0,14270.0,700.0,10792608.0,14744.0,732.0,8980876.0,14869.0,604.0,9020277.0,14959.0,603.0,-0.028404474114158362,-0.028413324567170717
2021-6-15,9742919.333333334,15210.0,6,58457516.0,91260,3847.0,"KAM TAO BLDG,WHITFIELD RD|金都洋樓,威非路道",9256904.0,15326.0,604.0,9286500.0,15375.0,604.0,10283000.0,14690.0,700.0,11103708.0,15169.0,732.0,9243616.0,15304.0,604.0,9283788.0,15396.0,603.0,0.017754653913980567,0.017890604086731487
2021-7-15,9572954.833333334,14942.666666666666,6,57437729.0,89656,3847.0,"KAM TAO BLDG,WHITFIELD RD|金都洋樓,威非路道",9082348.0,15037.0,604.0,9109528.0,15082.0,604.0,10183600.0,14548.0,700.0,10888500.0,14875.0,732.0,9066644.0,15011.0,604.0,9107109.0,15103.0,603.0,-0.043987135392918986,-0.04399564948497592
2021-8-15,10013416.333333334,15630.333333333334,6,60080498.0,93782,3847.0,"KAM TAO BLDG,WHITFIELD RD|金都洋樓,威非路道",9502732.0,15733.0,604.0,9528704.0,15776.0,604.0,10652600.0,15218.0,700.0,11386260.0,15555.0,732.0,9484008.0,15702.0,604.0,9526194.0,15798.0,603.0,0.06355453975058789,0.06351708417913149
2021-9-15,9415047.333333334,14696.833333333334,6,56490284.0,88181,3847.0,"KAM TAO BLDG,WHITFIELD RD|金都洋樓,威非路道",8933764.0,14791.0,604.0,8956112.0,14828.0,604.0,10012100.0,14303.0,700.0,10698180.0,14615.0,732.0,8936784.0,14796.0,604.0,8953344.0,14848.0,603.0,0.03499940344466013,0.03491538154590046
2021-10-15,9096669.333333334,14201.0,6,54580016.0,85206,3847.0,"KAM TAO BLDG,WHITFIELD RD|金都洋樓,威非路道",8565324.0,14181.0,604.0,8680688.0,14372.0,604.0,9704800.0,13864.0,700.0,10288260.0,14055.0,732.0,8662568.0,14342.0,604.0,8678376.0,14392.0,603.0,0.015701327324730396,0.0158809643035982
2021-11-15,8956047.5,13979.0,6,53736285.0,83874,3847.0,"KAM TAO BLDG,WHITFIELD RD|金都洋樓,威非路道",8505528.0,14082.0,604.0,8571968.0,14192.0,604.0,9584400.0,13692.0,700.0,10156500.0,13875.0,732.0,8449960.0,13990.0,604.0,8467929.0,14043.0,603.0,-0.07920083432159597,-0.07920824687942563
2021-12-15,9726385.333333334,15181.5,6,58358312.0,91089,3847.0,"KAM TAO BLDG,WHITFIELD RD|金都洋樓,威非路道",9238180.0,15295.0,604.0,9309452.0,15413.0,604.0,10409700.0,14871.0,700.0,11026848.0,15064.0,732.0,9177176.0,15194.0,604.0,9196956.0,15252.0,603.0,0.09169206539147767,0.0916837450113257
2022-1-15,8909458.666666666,13906.5,6,53456752.0,83439,3847.0,"KAM TAO BLDG,WHITFIELD RD|金都洋樓,威非路道",8463248.0,14012.0,604.0,8527272.0,14118.0,604.0,9536100.0,13623.0,700.0,10097940.0,13795.0,732.0,8407076.0,13919.0,604.0,8425116.0,13972.0,603.0,-0.011148287896973863,-0.011151931737378606
2022-2-15,9009903.666666666,14063.333333333334,6,54059422.0,84380,3847.0,"KAM TAO BLDG,WHITFIELD RD|金都洋樓,威非路道",8558680.0,14170.0,604.0,8623912.0,14278.0,604.0,9644600.0,13778.0,700.0,10209936.0,13948.0,732.0,8501904.0,14076.0,604.0,8520390.0,14130.0,603.0,-0.017072823936696402,-0.017077091536006228
2022-3-15,9166400.0,14307.666666666666,6,54998400.0,85846,3847.0,"KAM TAO BLDG,WHITFIELD RD|金都洋樓,威非路道",8707868.0,14417.0,604.0,8773704.0,14526.0,604.0,9812600.0,14018.0,700.0,10385616.0,14188.0,732.0,8649884.0,14321.0,604.0,8668728.0,14376.0,603.0,-0.01372299127366916,-0.013695167627932658
2022-4-15,9293940.666666666,14506.333333333334,6,55763644.0,87038,3847.0,"KAM TAO BLDG,WHITFIELD RD|金都洋樓,威非路道",8794844.0,14561.0,604.0,8857056.0,14664.0,604.0,9908500.0,14155.0,700.0,10570812.0,14441.0,732.0,8806924.0,14581.0,604.0,8825508.0,14636.0,603.0,0.04821618459580046,0.047476923447221875
2022-5-15,8866435.0,13848.833333333334,6,53198610.0,83093,3847.0,"KAM TAO BLDG,WHITFIELD RD|金都洋樓,威非路道",8437880.0,13970.0,604.0,8497072.0,14068.0,604.0,9506700.0,13581.0,700.0,9840276.0,13443.0,732.0,8449356.0,13989.0,604.0,8467326.0,14042.0,603.0,-0.0022438097457294637,-0.0022454370797310164
2022-6-15,8886374.333333334,13880.0,6,53318246.0,83280,3847.0,"KAM TAO BLDG,WHITFIELD RD|金都洋樓,威非路道",8457208.0,14002.0,604.0,8515796.0,14099.0,604.0,9527700.0,13611.0,700.0,9862236.0,13473.0,732.0,8468684.0,14021.0,604.0,8486622.0,14074.0,603.0,0.16320506873902008,0.16319347449578192
2022-7-15,7639559.5,11932.666666666666,6,45837357.0,71596,3847.0,"KAM TAO BLDG,WHITFIELD RD|金都洋樓,威非路道",7270348.0,12037.0,604.0,7320480.0,12120.0,604.0,8189300.0,11699.0,700.0,8477292.0,11581.0,732.0,7284240.0,12060.0,604.0,7295697.0,12099.0,603.0,-0.12343347727140774,-0.12343593134014064
2022-8-15,8715322.0,13613.0,6,52291932.0,81678,3847.0,"KAM TAO BLDG,WHITFIELD RD|金都洋樓,威非路道",8294128.0,13732.0,604.0,8350904.0,13826.0,604.0,9342200.0,13346.0,700.0,9670452.0,13211.0,732.0,8310436.0,13759.0,604.0,8323812.0,13804.0,603.0,0.010381113306876744,0.01037865386756387
2022-9-15,8625776.833333334,13473.166666666666,6,51754661.0,80839,3847.0,"KAM TAO BLDG,WHITFIELD RD|金都洋樓,威非路道",8209568.0,13592.0,604.0,8265136.0,13684.0,604.0,9245600.0,13208.0,700.0,9570900.0,13075.0,732.0,8224668.0,13617.0,604.0,8238789.0,13663.0,603.0,0.06223465382078497,0.06223144948293746
2022-10-15,8120406.166666667,12683.833333333334,6,48722437.0,76103,3847.0,"KAM TAO BLDG,WHITFIELD RD|金都洋樓,威非路道",7728784.0,12796.0,604.0,7780728.0,12882.0,604.0,8703800.0,12434.0,700.0,9009456.0,12308.0,732.0,7743280.0,12820.0,604.0,7756389.0,12863.0,603.0,0.037648816464397106,0.03764555098033884
2022-11-15,7825775.0,12223.666666666666,6,46954650.0,73342,3847.0,"KAM TAO BLDG,WHITFIELD RD|金都洋樓,威非路道",7448528.0,12332.0,604.0,7498056.0,12414.0,604.0,8387400.0,11982.0,700.0,8682252.0,11861.0,732.0,7462420.0,12355.0,604.0,7475994.0,12398.0,603.0,-0.022077389692141902,-0.02208058881570174
2022-12-15,8002448.166666667,12499.666666666666,6,48014689.0,74998,3847.0,"KAM TAO BLDG,WHITFIELD RD|金都洋樓,威非路道",7617044.0,12611.0,604.0,7667176.0,12694.0,604.0,8576400.0,12252.0,700.0,8877696.0,12128.0,732.0,7630936.0,12634.0,604.0,7645437.0,12679.0,603.0,,
